日期  质量等级  AQI指数  当天AQI排名  PM2.5  PM10  So2  No2  Co  O3
2018-10-01  良 54  222 19 56 6 33 0.41 76
2018-10-02  良 61  224 31 60 6 53 0.59 74
2018-10-03  良 56  134 24 43 4 36 0.38 83
2018-10-04  良 60  147 27 46 5 30 0.36 98
2018-10-05  良 52  83 23 50 6 24 0.47 92
2018-10-06  良 65  186 30 58 6 35 0.50 106
2018-10-07  良 83  260 47 80 6 45 0.60 101
2018-10-08  良 55  146 23 57 4 36 0.38 71
2018-10-09  良 53  168 31 51 4 39 0.44 65
2018-10-10  良 55  231 25 54 6 31 0.50 60
2018-10-11  优 43  127 22 43 8 38 0.57 59
2018-10-12  优 42  71 22 38 5 46 0.40 62
2018-10-13  优 48  94 27 44 4 53 0.42 64
2018-10-14  优 39  75 20 37 4 40 0.36 58
2018-10-15  优 36  104 19 33 3 38 0.33 63
2018-10-16  良 55  205 35 45 4 39 0.47 73
2018-10-17  良 73  275 52 76 8 73 0.77 55
2018-10-18  良 55  222 30 52 5 35 0.41 65
2018-10-19  优 41  84 19 39 7 44 0.49 54
2018-10-20  优 37  63 19 36 5 48 0.37 42
2018-10-21  优 40  88 24 36 4 47 0.40 47
2018-10-22  优 43  98 30 35 3 39 0.44 36
2018-10-23  良 95  348 70 92 6 58 0.85 49
2018-10-24  轻度污染 127  355 93 132 6 62 0.80 70
2018-10-25  良 60  168 34 68 5 38 0.52 75
2018-10-26  良 85  332 56 85 6 38 0.75 58
2018-10-27  良 82  341 41 112 11 64 0.83 36
2018-10-28  良 66  246 32 80 10 60 0.67 48
2018-10-29  良 65  250 39 74 11 55 0.61 64
2018-10-30  良 54  135 29 60 6 51 0.45 59
2018-10-31  优 43  70 22 43 5 37 0.38 72
