日期  质量等级  AQI指数  当天AQI排名  PM2.5  PM10  So2  No2  Co  O3
2018-08-01  优 50  175 16 33 5 27 0.57 82
2018-08-02  优 40  113 17 33 4 23 0.50 68
2018-08-03  优 30  33 12 24 3 20 0.49 57
2018-08-04  良 64  281 23 42 3 26 0.53 101
2018-08-05  良 71  306 25 45 4 22 0.43 118
2018-08-06  良 68  276 27 50 3 31 0.47 108
2018-08-07  良 60  244 18 38 3 23 0.43 94
2018-08-08  良 58  233 20 40 3 26 0.46 96
2018-08-09  良 79  317 31 53 4 28 0.50 118
2018-08-10  良 82  299 27 49 4 31 0.49 132
2018-08-11  良 82  289 31 52 4 26 0.52 118
2018-08-12  优 31  33 14 28 3 26 0.39 36
2018-08-13  优 34  77 11 30 2 17 0.33 58
2018-08-14  优 29  63 7 28 2 16 0.26 33
2018-08-15  优 34  82 11 33 3 22 0.27 38
2018-08-16  优 34  69 14 31 3 20 0.29 47
2018-08-17  优 28  35 11 24 2 17 0.38 51
2018-08-18  优 34  67 8 26 2 14 0.40 61
2018-08-19  优 30  55 7 24 3 16 0.30 51
2018-08-20  良 51  217 22 43 4 28 0.49 92
2018-08-21  良 56  203 28 44 2 36 0.70 84
2018-08-22  优 33  23 13 30 2 26 0.43 57
2018-08-23  良 78  319 24 59 4 30 0.63 126
2018-08-25  优 37  50 16 34 2 29 0.36 69
2018-08-27  优 35  45 9 31 3 20 0.38 62
2018-08-29  优 37  111 10 32 3 21 0.31 70
2018-08-31  良 60  290 22 50 5 34 0.53 107
